$ANSIBLE_VAULT;1.1;AES256
32356263316135626235646562386636353638363463623833316261303631633734393734323632
3339333932666130323433346565333934386530376261330a646639343434313031653033323430
31303264346663646134643661613839383632623632323930666230376633633166323538326563
6230643932323237380a326364663638306562353934363330656662623637346637623061663932
33383662626338636262303131383061396539396139623663303436303734353133623165643961
34333464303937613862623831666530373133613838623830636539373964656131646164643565
33356533656663396436326135326465643732623639356264613765373364303562353737386233
35623839366264396531376238386161623763626436316131383835336431346433633936326235
33653265316432353765336239653631323538623635383733633131326363356262386461323938
30616538343430326130343062313033303666616532316634383236336236393762333336333939
35666561376631383365396464303965396636633538366661363632363837363335326465346161
66626438313161653333303530666633653861383134303061636633313265383663363737373032
3239
